09/05/15|09:28:31,070832 |75|34111044109|34110734700|34110734761|34111058020
09/05/15|09:28:33,068459 |75|34113054352|34112744887|34112744951|34113068365
09/05/15|09:28:35,077538 |75|34115064404|34114753888|34114753953|34115077445
09/05/15|09:28:37,080773 |75|34117067493|34116756869|34116756930|34117080680
09/05/15|09:28:39,092354 |75|34119077549|34118766398|34118766463|34119092259
09/05/15|09:28:41,103876 |75|34121087720|34120779485|34120779546|34121103782
09/05/15|09:28:43,116203 |75|34123097744|34122791964|34122792026|34123116110
09/05/15|09:28:45,122392 |75|34125107771|34124798076|34124798140|34125122304
09/05/15|09:28:47,125589 |75|34127110507|34126801145|34126801210|34127125501
09/05/15|09:28:49,135615 |75|34129120514|34128810713|34128810776|34129135524
09/05/15|09:28:51,141933 |75|34131127383|34130817026|34130817088|34131141829
09/05/15|09:28:53,145166 |75|34133130503|34132820265|34132820330|34133145073
09/05/15|09:28:55,148198 |75|34135133300|34134823201|34134823263|34135148114
09/05/15|09:28:57,157914 |75|34137143339|34136832729|34136832799|34137157815
09/05/15|09:28:59,161074 |75|34139146106|34138835867|34138835933|34139160981
09/05/15|09:29:01,172964 |75|34141156396|34140845341|34140845406|34141172866
09/05/15|09:29:03,180602 |75|34143166437|34142854994|34142855065|34143180509
09/05/15|09:29:05,190198 |75|34145176470|34144864355|34144864417|34145190106
09/05/15|09:29:07,200239 |75|34147186566|34146874055|34146874116|34147200140
09/05/15|09:29:09,202710 |75|34149189156|34148876971|34148877038|34149202609
09/05/15|09:29:11,212636 |75|34151198507|34150886690|34150886756|34151212535
09/05/15|09:29:13,219646 |75|34153205071|34152892818|34152892880|34153219549
09/05/15|09:29:15,248368 |75|34155213039|34154922073|34154922132|34155248274
09/05/15|09:29:17,240800 |75|34157223320|34156914223|34156914289|34157240703
